1
[[  1.   3.   0.   8.   5.   6.   9.   5.   5.   2.   8.   8.   7.]
 [  5.   4.   3.   0.   3.   0.   8.   6.   4.   0.   0.   0.   3.]
 [  4.   6.   2.   4.  10.   4.   5.   4.   3.   4.   1.   0.   4.]
 [  8.   7.   9.   3.  11.   5.  12.   0.   5.   3.   8.   5.   7.]
 [  4.   6.   4.   0.   4.   8.  13.   4.   0.   8.   6.  12.  14.]
 [  3.   0.   0.   5.   4.   7.   7.   3.   3.   2.   7.  11.   8.]
 [  1.  11.  11.   5.   0.   8.   6.   3.   7.   0.   9.   4.   8.]
 [  5.   5.  11.   4.   2.   7.  10.   4.  12.   0.   5.  11.   9.]
 [ 12.   3.   5.   8.   7.   9.  12.   6.  11.   0.   7.   7.   7.]
 [  0.   8.   4.   6.   8.   9.  14.   5.   4.   1.   6.   7.   2.]
 [  5.   2.   2.   6.   7.  11.   0.   5.   0.   2.   4.  12.   7.]
 [  3.   4.   6.   4.   9.   9.   2.  11.   1.   2.   4.   5.   0.]
 [  9.   2.   0.   4.   1.   6.   8.   0.   7.   9.   7.   3.  11.]]
[[ 0.  0.  1.  0.  0.  0.  0.  0.  0.  0.  0.  0.  0.]
 [ 0.  0.  0.  1.  0.  0.  0.  0.  0.  0.  0.  0.  0.]
 [ 0.  0.  0.  0.  0.  0.  0.  0.  0.  0.  0.  1.  0.]
 [ 0.  0.  0.  0.  0.  0.  0.  1.  0.  0.  0.  0.  0.]
 [ 0.  0.  0.  1.  0.  0.  0.  0.  0.  0.  0.  0.  0.]
 [ 0.  1.  0.  0.  0.  0.  0.  0.  0.  0.  0.  0.  0.]
 [ 0.  0.  0.  0.  1.  0.  0.  0.  0.  0.  0.  0.  0.]
 [ 0.  0.  0.  0.  0.  0.  0.  0.  0.  1.  0.  0.  0.]
 [ 0.  0.  0.  0.  0.  0.  0.  0.  0.  1.  0.  0.  0.]
 [ 1.  0.  0.  0.  0.  0.  0.  0.  0.  0.  0.  0.  0.]
 [ 0.  0.  0.  0.  0.  0.  1.  0.  0.  0.  0.  0.  0.]
 [ 0.  0.  0.  0.  0.  0.  0.  0.  0.  0.  0.  0.  1.]
 [ 0.  0.  1.  0.  0.  0.  0.  0.  0.  0.  0.  0.  0.]]
2
[[  1.   3.   0.   8.   5.   6.   9.   5.   5.   2.   8.   8.   7.]
 [  5.   4.   3.   0.   3.   0.   8.   6.   4.   0.   0.   0.   3.]
 [  4.   6.   2.   4.  10.   4.   5.   4.   3.   4.   1.   0.   4.]
 [  8.   7.   9.   3.  11.   5.  12.   0.   5.   3.   8.   5.   7.]
 [  4.   6.   4.   0.   4.   8.  13.   4.   0.   8.   6.  12.  14.]
 [  3.   0.   0.   5.   4.   7.   7.   3.   3.   2.   7.  11.   8.]
 [  1.  11.  11.   5.   0.   8.   6.   3.   7.   0.   9.   4.   8.]
 [  5.   5.  11.   4.   2.   7.  10.   4.  12.   0.   5.  11.   9.]
 [ 12.   3.   5.   8.   7.   9.  12.   6.  11.   0.   7.   7.   7.]
 [  0.   8.   4.   6.   8.   9.  14.   5.   4.   1.   6.   7.   2.]
 [  5.   2.   2.   6.   7.  11.   0.   5.   0.   2.   4.  12.   7.]
 [  3.   4.   6.   4.   9.   9.   2.  11.   1.   2.   4.   5.   0.]
 [  9.   2.   0.   4.   1.   6.   8.   0.   7.   9.   7.   3.  11.]]
[[ 0.  0.  1.  0.  0.  0.  0.  0.  0.  0.  0.  0.  0.]
 [ 0.  0.  0.  1.  0.  2.  0.  0.  0.  0.  0.  0.  0.]
 [ 0.  0.  0.  0.  0.  0.  0.  0.  0.  0.  0.  1.  0.]
 [ 0.  0.  0.  0.  0.  0.  0.  1.  0.  0.  0.  0.  0.]
 [ 0.  0.  0.  2.  0.  0.  0.  0.  0.  0.  0.  0.  0.]
 [ 0.  1.  0.  0.  0.  0.  0.  0.  0.  0.  0.  0.  0.]
 [ 0.  0.  0.  0.  1.  0.  0.  0.  0.  0.  0.  0.  0.]
 [ 0.  0.  0.  0.  0.  0.  0.  0.  0.  1.  0.  0.  0.]
 [ 0.  0.  0.  0.  0.  0.  0.  0.  0.  1.  0.  0.  0.]
 [ 1.  0.  0.  0.  0.  0.  0.  0.  0.  0.  0.  0.  0.]
 [ 0.  0.  0.  0.  0.  0.  1.  0.  0.  0.  0.  0.  0.]
 [ 0.  0.  0.  0.  0.  0.  0.  0.  0.  0.  0.  0.  1.]
 [ 0.  0.  1.  0.  0.  0.  0.  0.  0.  0.  0.  0.  0.]]
[(4, 3), (1, 3), (1, 5)]
1
[[  1.   3.   0.   8.   5.   6.   9.   5.   5.   2.   8.   8.   7.]
 [  5.   4.   3.   0.   3.   0.   8.   6.   4.   0.   0.   0.   3.]
 [  4.   6.   2.   4.  10.   4.   5.   4.   3.   4.   1.   0.   4.]
 [  8.   7.   9.   3.  11.   5.  12.   0.   5.   3.   8.   5.   7.]
 [  4.   6.   4.   0.   4.   8.  13.   4.   0.   8.   6.  12.  14.]
 [  3.   0.   0.   5.   4.   7.   7.   3.   3.   2.   7.  11.   8.]
 [  1.  11.  11.   5.   0.   8.   6.   3.   7.   0.   9.   4.   8.]
 [  5.   5.  11.   4.   2.   7.  10.   4.  12.   0.   5.  11.   9.]
 [ 12.   3.   5.   8.   7.   9.  12.   6.  11.   0.   7.   7.   7.]
 [  0.   8.   4.   6.   8.   9.  14.   5.   4.   1.   6.   7.   2.]
 [  5.   2.   2.   6.   7.  11.   0.   5.   0.   2.   4.  12.   7.]
 [  3.   4.   6.   4.   9.   9.   2.  11.   1.   2.   4.   5.   0.]
 [  9.   2.   0.   4.   1.   6.   8.   0.   7.   9.   7.   3.  11.]]
[[ 0.  0.  1.  0.  0.  0.  0.  0.  0.  0.  0.  0.  0.]
 [ 0.  0.  0.  0.  0.  1.  0.  0.  0.  0.  0.  0.  0.]
 [ 0.  0.  0.  0.  0.  0.  0.  0.  0.  0.  0.  1.  0.]
 [ 0.  0.  0.  0.  0.  0.  0.  1.  0.  0.  0.  0.  0.]
 [ 0.  0.  0.  1.  0.  0.  0.  0.  0.  0.  0.  0.  0.]
 [ 0.  1.  0.  0.  0.  0.  0.  0.  0.  0.  0.  0.  0.]
 [ 0.  0.  0.  0.  1.  0.  0.  0.  0.  0.  0.  0.  0.]
 [ 0.  0.  0.  0.  0.  0.  0.  0.  0.  1.  0.  0.  0.]
 [ 0.  0.  0.  0.  0.  0.  0.  0.  0.  1.  0.  0.  0.]
 [ 1.  0.  0.  0.  0.  0.  0.  0.  0.  0.  0.  0.  0.]
 [ 0.  0.  0.  0.  0.  0.  1.  0.  0.  0.  0.  0.  0.]
 [ 0.  0.  0.  0.  0.  0.  0.  0.  0.  0.  0.  0.  1.]
 [ 0.  0.  1.  0.  0.  0.  0.  0.  0.  0.  0.  0.  0.]]
3
[[  1.   3.   0.   8.   5.   6.   9.   5.   5.   2.   8.   8.   7.]
 [  5.   4.   3.   0.   3.   0.   8.   6.   4.   0.   0.   0.   3.]
 [  4.   6.   2.   4.  10.   4.   5.   4.   3.   4.   1.   0.   4.]
 [  8.   7.   9.   3.  11.   5.  12.   0.   5.   3.   8.   5.   7.]
 [  4.   6.   4.   0.   4.   8.  13.   4.   0.   8.   6.  12.  14.]
 [  3.   0.   0.   5.   4.   7.   7.   3.   3.   2.   7.  11.   8.]
 [  1.  11.  11.   5.   0.   8.   6.   3.   7.   0.   9.   4.   8.]
 [  5.   5.  11.   4.   2.   7.  10.   4.  12.   0.   5.  11.   9.]
 [ 12.   3.   5.   8.   7.   9.  12.   6.  11.   0.   7.   7.   7.]
 [  0.   8.   4.   6.   8.   9.  14.   5.   4.   1.   6.   7.   2.]
 [  5.   2.   2.   6.   7.  11.   0.   5.   0.   2.   4.  12.   7.]
 [  3.   4.   6.   4.   9.   9.   2.  11.   1.   2.   4.   5.   0.]
 [  9.   2.   0.   4.   1.   6.   8.   0.   7.   9.   7.   3.  11.]]
[[ 0.  0.  1.  0.  0.  0.  0.  0.  0.  0.  0.  0.  0.]
 [ 0.  0.  0.  0.  0.  1.  0.  0.  0.  0.  2.  0.  0.]
 [ 0.  0.  0.  0.  0.  0.  0.  0.  0.  0.  0.  1.  0.]
 [ 0.  0.  0.  0.  0.  0.  0.  1.  0.  0.  0.  0.  0.]
 [ 0.  0.  0.  1.  0.  0.  0.  0.  2.  0.  0.  0.  0.]
 [ 0.  1.  0.  0.  0.  0.  0.  0.  0.  0.  0.  0.  0.]
 [ 0.  0.  0.  0.  1.  0.  0.  0.  0.  0.  0.  0.  0.]
 [ 0.  0.  0.  0.  0.  0.  0.  0.  0.  1.  0.  0.  0.]
 [ 0.  0.  0.  0.  0.  0.  0.  0.  0.  1.  0.  0.  0.]
 [ 1.  0.  0.  0.  0.  0.  0.  0.  0.  0.  0.  0.  0.]
 [ 0.  0.  0.  0.  0.  0.  1.  0.  2.  0.  0.  0.  0.]
 [ 0.  0.  0.  0.  0.  0.  0.  0.  0.  0.  0.  0.  1.]
 [ 0.  0.  1.  0.  0.  0.  0.  0.  0.  0.  0.  0.  0.]]
1
[[  1.   3.   0.   7.   5.   5.   8.   5.   4.   2.   7.   8.   7.]
 [  6.   5.   4.   0.   4.   0.   8.   7.   4.   1.   0.   1.   4.]
 [  4.   6.   2.   3.  10.   3.   4.   4.   2.   4.   0.   0.   4.]
 [  8.   7.   9.   2.  11.   4.  11.   0.   4.   3.   7.   5.   7.]
 [  5.   7.   5.   0.   5.   8.  13.   5.   0.   9.   6.  13.  15.]
 [  3.   0.   0.   4.   4.   6.   6.   3.   2.   2.   6.  11.   8.]
 [  1.  11.  11.   4.   0.   7.   5.   3.   6.   0.   8.   4.   8.]
 [  5.   5.  11.   3.   2.   6.   9.   4.  11.   0.   4.  11.   9.]
 [ 12.   3.   5.   7.   7.   8.  11.   6.  10.   0.   6.   7.   7.]
 [  0.   8.   4.   5.   8.   8.  13.   5.   3.   1.   5.   7.   2.]
 [  6.   3.   3.   6.   8.  11.   0.   6.   0.   3.   4.  13.   8.]
 [  3.   4.   6.   3.   9.   8.   1.  11.   0.   2.   3.   5.   0.]
 [  9.   2.   0.   3.   1.   5.   7.   0.   6.   9.   6.   3.  11.]]
[[ 0.  0.  1.  0.  0.  0.  0.  0.  0.  0.  0.  0.  0.]
 [ 0.  0.  0.  0.  0.  1.  0.  0.  0.  0.  2.  0.  0.]
 [ 0.  0.  0.  0.  0.  0.  0.  0.  0.  0.  0.  1.  0.]
 [ 0.  0.  0.  0.  0.  0.  0.  1.  0.  0.  0.  0.  0.]
 [ 0.  0.  0.  1.  0.  0.  0.  0.  2.  0.  0.  0.  0.]
 [ 0.  1.  0.  0.  0.  0.  0.  0.  0.  0.  0.  0.  0.]
 [ 0.  0.  0.  0.  1.  0.  0.  0.  0.  0.  0.  0.  0.]
 [ 0.  0.  0.  0.  0.  0.  0.  0.  0.  1.  0.  0.  0.]
 [ 0.  0.  0.  0.  0.  0.  0.  0.  0.  1.  0.  0.  0.]
 [ 1.  0.  0.  0.  0.  0.  0.  0.  0.  0.  0.  0.  0.]
 [ 0.  0.  0.  0.  0.  0.  1.  0.  2.  0.  0.  0.  0.]
 [ 0.  0.  0.  0.  0.  0.  0.  0.  0.  0.  0.  0.  1.]
 [ 0.  0.  1.  0.  0.  0.  0.  0.  0.  0.  0.  0.  0.]]
3
[[  1.   3.   0.   7.   5.   5.   8.   5.   4.   2.   7.   8.   7.]
 [  6.   5.   4.   0.   4.   0.   8.   7.   4.   1.   0.   1.   4.]
 [  4.   6.   2.   3.  10.   3.   4.   4.   2.   4.   0.   0.   4.]
 [  8.   7.   9.   2.  11.   4.  11.   0.   4.   3.   7.   5.   7.]
 [  5.   7.   5.   0.   5.   8.  13.   5.   0.   9.   6.  13.  15.]
 [  3.   0.   0.   4.   4.   6.   6.   3.   2.   2.   6.  11.   8.]
 [  1.  11.  11.   4.   0.   7.   5.   3.   6.   0.   8.   4.   8.]
 [  5.   5.  11.   3.   2.   6.   9.   4.  11.   0.   4.  11.   9.]
 [ 12.   3.   5.   7.   7.   8.  11.   6.  10.   0.   6.   7.   7.]
 [  0.   8.   4.   5.   8.   8.  13.   5.   3.   1.   5.   7.   2.]
 [  6.   3.   3.   6.   8.  11.   0.   6.   0.   3.   4.  13.   8.]
 [  3.   4.   6.   3.   9.   8.   1.  11.   0.   2.   3.   5.   0.]
 [  9.   2.   0.   3.   1.   5.   7.   0.   6.   9.   6.   3.  11.]]
[[ 0.  0.  1.  0.  0.  0.  0.  0.  0.  0.  0.  0.  0.]
 [ 0.  0.  0.  0.  0.  1.  0.  0.  0.  0.  2.  0.  0.]
 [ 0.  0.  0.  0.  0.  0.  0.  0.  0.  0.  2.  1.  0.]
 [ 0.  0.  0.  0.  0.  0.  0.  1.  0.  0.  0.  0.  0.]
 [ 0.  0.  0.  1.  0.  0.  0.  0.  2.  0.  0.  0.  0.]
 [ 0.  1.  0.  0.  0.  0.  0.  0.  0.  0.  0.  0.  0.]
 [ 0.  0.  0.  0.  1.  0.  0.  0.  0.  0.  0.  0.  0.]
 [ 0.  0.  0.  0.  0.  0.  0.  0.  0.  1.  0.  0.  0.]
 [ 0.  0.  0.  0.  0.  0.  0.  0.  0.  1.  0.  0.  0.]
 [ 1.  0.  0.  0.  0.  0.  0.  0.  0.  0.  0.  0.  0.]
 [ 0.  0.  0.  0.  0.  0.  1.  0.  2.  0.  0.  0.  0.]
 [ 0.  0.  0.  0.  0.  0.  0.  0.  2.  0.  0.  0.  1.]
 [ 0.  0.  1.  0.  0.  0.  0.  0.  0.  0.  0.  0.  0.]]
1
[[  1.   3.   0.   5.   5.   3.   6.   5.   2.   2.   5.   6.   5.]
 [  8.   7.   6.   0.   6.   0.   8.   9.   4.   3.   0.   1.   4.]
 [  6.   8.   4.   3.  12.   3.   4.   6.   2.   6.   0.   0.   4.]
 [  8.   7.   9.   0.  11.   2.   9.   0.   2.   3.   5.   3.   5.]
 [  7.   9.   7.   0.   7.   8.  13.   7.   0.  11.   6.  13.  15.]
 [  3.   0.   0.   2.   4.   4.   4.   3.   0.   2.   4.   9.   6.]
 [  1.  11.  11.   2.   0.   5.   3.   3.   4.   0.   6.   2.   6.]
 [  5.   5.  11.   1.   2.   4.   7.   4.   9.   0.   2.   9.   7.]
 [ 12.   3.   5.   5.   7.   6.   9.   6.   8.   0.   4.   5.   5.]
 [  0.   8.   4.   3.   8.   6.  11.   5.   1.   1.   3.   5.   0.]
 [  8.   5.   5.   6.  10.  11.   0.   8.   0.   5.   4.  13.   8.]
 [  5.   6.   8.   3.  11.   8.   1.  13.   0.   4.   3.   5.   0.]
 [  9.   2.   0.   1.   1.   3.   5.   0.   4.   9.   4.   1.   9.]]
[[ 0.  0.  1.  0.  0.  0.  0.  0.  0.  0.  0.  0.  0.]
 [ 0.  0.  0.  0.  0.  1.  0.  0.  0.  0.  2.  0.  0.]
 [ 0.  0.  0.  0.  0.  0.  0.  0.  0.  0.  2.  1.  0.]
 [ 0.  0.  0.  0.  0.  0.  0.  1.  0.  0.  0.  0.  0.]
 [ 0.  0.  0.  1.  0.  0.  0.  0.  2.  0.  0.  0.  0.]
 [ 0.  1.  0.  0.  0.  0.  0.  0.  0.  0.  0.  0.  0.]
 [ 0.  0.  0.  0.  1.  0.  0.  0.  0.  0.  0.  0.  0.]
 [ 0.  0.  0.  0.  0.  0.  0.  0.  0.  1.  0.  0.  0.]
 [ 0.  0.  0.  0.  0.  0.  0.  0.  0.  1.  0.  0.  0.]
 [ 1.  0.  0.  0.  0.  0.  0.  0.  0.  0.  0.  0.  0.]
 [ 0.  0.  0.  0.  0.  0.  1.  0.  2.  0.  0.  0.  0.]
 [ 0.  0.  0.  0.  0.  0.  0.  0.  2.  0.  0.  0.  1.]
 [ 0.  0.  1.  0.  0.  0.  0.  0.  0.  0.  0.  0.  0.]]
3
[[  1.   3.   0.   5.   5.   3.   6.   5.   2.   2.   5.   6.   5.]
 [  8.   7.   6.   0.   6.   0.   8.   9.   4.   3.   0.   1.   4.]
 [  6.   8.   4.   3.  12.   3.   4.   6.   2.   6.   0.   0.   4.]
 [  8.   7.   9.   0.  11.   2.   9.   0.   2.   3.   5.   3.   5.]
 [  7.   9.   7.   0.   7.   8.  13.   7.   0.  11.   6.  13.  15.]
 [  3.   0.   0.   2.   4.   4.   4.   3.   0.   2.   4.   9.   6.]
 [  1.  11.  11.   2.   0.   5.   3.   3.   4.   0.   6.   2.   6.]
 [  5.   5.  11.   1.   2.   4.   7.   4.   9.   0.   2.   9.   7.]
 [ 12.   3.   5.   5.   7.   6.   9.   6.   8.   0.   4.   5.   5.]
 [  0.   8.   4.   3.   8.   6.  11.   5.   1.   1.   3.   5.   0.]
 [  8.   5.   5.   6.  10.  11.   0.   8.   0.   5.   4.  13.   8.]
 [  5.   6.   8.   3.  11.   8.   1.  13.   0.   4.   3.   5.   0.]
 [  9.   2.   0.   1.   1.   3.   5.   0.   4.   9.   4.   1.   9.]]
[[ 0.  0.  1.  0.  0.  0.  0.  0.  0.  0.  0.  0.  0.]
 [ 0.  0.  0.  0.  0.  1.  0.  0.  0.  0.  2.  0.  0.]
 [ 0.  0.  0.  0.  0.  0.  0.  0.  0.  0.  2.  1.  0.]
 [ 0.  0.  0.  2.  0.  0.  0.  1.  0.  0.  0.  0.  0.]
 [ 0.  0.  0.  1.  0.  0.  0.  0.  2.  0.  0.  0.  0.]
 [ 0.  1.  0.  0.  0.  0.  0.  0.  2.  0.  0.  0.  0.]
 [ 0.  0.  0.  0.  1.  0.  0.  0.  0.  0.  0.  0.  0.]
 [ 0.  0.  0.  0.  0.  0.  0.  0.  0.  1.  0.  0.  0.]
 [ 0.  0.  0.  0.  0.  0.  0.  0.  0.  1.  0.  0.  0.]
 [ 1.  0.  0.  0.  0.  0.  0.  0.  0.  0.  0.  0.  2.]
 [ 0.  0.  0.  0.  0.  0.  1.  0.  2.  0.  0.  0.  0.]
 [ 0.  0.  0.  0.  0.  0.  0.  0.  2.  0.  0.  0.  1.]
 [ 0.  0.  1.  0.  0.  0.  0.  2.  0.  0.  0.  0.  0.]]
1
[[  1.   3.   0.   5.   5.   3.   6.   5.   2.   2.   5.   6.   5.]
 [  8.   7.   6.   0.   6.   0.   8.   9.   4.   3.   0.   1.   4.]
 [  6.   8.   4.   3.  12.   3.   4.   6.   2.   6.   0.   0.   4.]
 [  8.   7.   9.   0.  11.   2.   9.   0.   2.   3.   5.   3.   5.]
 [  7.   9.   7.   0.   7.   8.  13.   7.   0.  11.   6.  13.  15.]
 [  3.   0.   0.   2.   4.   4.   4.   3.   0.   2.   4.   9.   6.]
 [  1.  11.  11.   2.   0.   5.   3.   3.   4.   0.   6.   2.   6.]
 [  5.   5.  11.   1.   2.   4.   7.   4.   9.   0.   2.   9.   7.]
 [ 12.   3.   5.   5.   7.   6.   9.   6.   8.   0.   4.   5.   5.]
 [  0.   8.   4.   3.   8.   6.  11.   5.   1.   1.   3.   5.   0.]
 [  8.   5.   5.   6.  10.  11.   0.   8.   0.   5.   4.  13.   8.]
 [  5.   6.   8.   3.  11.   8.   1.  13.   0.   4.   3.   5.   0.]
 [  9.   2.   0.   1.   1.   3.   5.   0.   4.   9.   4.   1.   9.]]
[[ 0.  0.  1.  0.  0.  0.  0.  0.  0.  0.  0.  0.  0.]
 [ 0.  0.  0.  0.  0.  1.  0.  0.  0.  0.  2.  0.  0.]
 [ 0.  0.  0.  0.  0.  0.  0.  0.  0.  0.  2.  1.  0.]
 [ 0.  0.  0.  2.  0.  0.  0.  1.  0.  0.  0.  0.  0.]
 [ 0.  0.  0.  1.  0.  0.  0.  0.  2.  0.  0.  0.  0.]
 [ 0.  1.  0.  0.  0.  0.  0.  0.  2.  0.  0.  0.  0.]
 [ 0.  0.  0.  0.  1.  0.  0.  0.  0.  0.  0.  0.  0.]
 [ 0.  0.  0.  0.  0.  0.  0.  0.  0.  1.  0.  0.  0.]
 [ 0.  0.  0.  0.  0.  0.  0.  0.  0.  1.  0.  0.  0.]
 [ 1.  0.  0.  0.  0.  0.  0.  0.  0.  0.  0.  0.  2.]
 [ 0.  0.  0.  0.  0.  0.  1.  0.  2.  0.  0.  0.  0.]
 [ 0.  0.  0.  0.  0.  0.  0.  0.  2.  0.  0.  0.  1.]
 [ 0.  0.  1.  0.  0.  0.  0.  2.  0.  0.  0.  0.  0.]]
2
[[  1.   3.   0.   5.   5.   3.   6.   5.   2.   2.   5.   6.   5.]
 [  8.   7.   6.   0.   6.   0.   8.   9.   4.   3.   0.   1.   4.]
 [  6.   8.   4.   3.  12.   3.   4.   6.   2.   6.   0.   0.   4.]
 [  8.   7.   9.   0.  11.   2.   9.   0.   2.   3.   5.   3.   5.]
 [  7.   9.   7.   0.   7.   8.  13.   7.   0.  11.   6.  13.  15.]
 [  3.   0.   0.   2.   4.   4.   4.   3.   0.   2.   4.   9.   6.]
 [  1.  11.  11.   2.   0.   5.   3.   3.   4.   0.   6.   2.   6.]
 [  5.   5.  11.   1.   2.   4.   7.   4.   9.   0.   2.   9.   7.]
 [ 12.   3.   5.   5.   7.   6.   9.   6.   8.   0.   4.   5.   5.]
 [  0.   8.   4.   3.   8.   6.  11.   5.   1.   1.   3.   5.   0.]
 [  8.   5.   5.   6.  10.  11.   0.   8.   0.   5.   4.  13.   8.]
 [  5.   6.   8.   3.  11.   8.   1.  13.   0.   4.   3.   5.   0.]
 [  9.   2.   0.   1.   1.   3.   5.   0.   4.   9.   4.   1.   9.]]
[[ 0.  0.  2.  0.  0.  0.  0.  0.  0.  0.  0.  0.  0.]
 [ 0.  0.  0.  0.  0.  1.  0.  0.  0.  0.  2.  0.  0.]
 [ 0.  0.  0.  0.  0.  0.  0.  0.  0.  0.  2.  1.  0.]
 [ 0.  0.  0.  2.  0.  0.  0.  1.  0.  0.  0.  0.  0.]
 [ 0.  0.  0.  1.  0.  0.  0.  0.  2.  0.  0.  0.  0.]
 [ 0.  1.  0.  0.  0.  0.  0.  0.  2.  0.  0.  0.  0.]
 [ 0.  0.  0.  0.  1.  0.  0.  0.  0.  0.  0.  0.  0.]
 [ 0.  0.  0.  0.  0.  0.  0.  0.  0.  1.  0.  0.  0.]
 [ 0.  0.  0.  0.  0.  0.  0.  0.  0.  1.  0.  0.  0.]
 [ 1.  0.  0.  0.  0.  0.  0.  0.  0.  0.  0.  0.  2.]
 [ 0.  0.  0.  0.  0.  0.  1.  0.  2.  0.  0.  0.  0.]
 [ 0.  0.  0.  0.  0.  0.  0.  0.  2.  0.  0.  0.  1.]
 [ 0.  0.  1.  0.  0.  0.  0.  2.  0.  0.  0.  0.  0.]]
[(0, 2), (12, 2), (12, 7), (3, 7), (3, 3), (4, 3), (4, 8)]
1
[[  1.   3.   0.   5.   5.   3.   6.   5.   2.   2.   5.   6.   5.]
 [  8.   7.   6.   0.   6.   0.   8.   9.   4.   3.   0.   1.   4.]
 [  6.   8.   4.   3.  12.   3.   4.   6.   2.   6.   0.   0.   4.]
 [  8.   7.   9.   0.  11.   2.   9.   0.   2.   3.   5.   3.   5.]
 [  7.   9.   7.   0.   7.   8.  13.   7.   0.  11.   6.  13.  15.]
 [  3.   0.   0.   2.   4.   4.   4.   3.   0.   2.   4.   9.   6.]
 [  1.  11.  11.   2.   0.   5.   3.   3.   4.   0.   6.   2.   6.]
 [  5.   5.  11.   1.   2.   4.   7.   4.   9.   0.   2.   9.   7.]
 [ 12.   3.   5.   5.   7.   6.   9.   6.   8.   0.   4.   5.   5.]
 [  0.   8.   4.   3.   8.   6.  11.   5.   1.   1.   3.   5.   0.]
 [  8.   5.   5.   6.  10.  11.   0.   8.   0.   5.   4.  13.   8.]
 [  5.   6.   8.   3.  11.   8.   1.  13.   0.   4.   3.   5.   0.]
 [  9.   2.   0.   1.   1.   3.   5.   0.   4.   9.   4.   1.   9.]]
[[ 0.  0.  1.  0.  0.  0.  0.  0.  0.  0.  0.  0.  0.]
 [ 0.  0.  0.  0.  0.  1.  0.  0.  0.  0.  0.  0.  0.]
 [ 0.  0.  0.  0.  0.  0.  0.  0.  0.  0.  0.  1.  0.]
 [ 0.  0.  0.  1.  0.  0.  0.  0.  0.  0.  0.  0.  0.]
 [ 0.  0.  0.  0.  0.  0.  0.  0.  1.  0.  0.  0.  0.]
 [ 0.  1.  0.  0.  0.  0.  0.  0.  0.  0.  0.  0.  0.]
 [ 0.  0.  0.  0.  1.  0.  0.  0.  0.  0.  0.  0.  0.]
 [ 0.  0.  0.  0.  0.  0.  0.  0.  0.  1.  0.  0.  0.]
 [ 0.  0.  0.  0.  0.  0.  0.  0.  0.  1.  0.  0.  0.]
 [ 1.  0.  0.  0.  0.  0.  0.  0.  0.  0.  0.  0.  0.]
 [ 0.  0.  0.  0.  0.  0.  1.  0.  0.  0.  0.  0.  0.]
 [ 0.  0.  0.  0.  0.  0.  0.  0.  0.  0.  0.  0.  1.]
 [ 0.  0.  0.  0.  0.  0.  0.  1.  0.  0.  0.  0.  0.]]
3
[[  1.   3.   0.   5.   5.   3.   6.   5.   2.   2.   5.   6.   5.]
 [  8.   7.   6.   0.   6.   0.   8.   9.   4.   3.   0.   1.   4.]
 [  6.   8.   4.   3.  12.   3.   4.   6.   2.   6.   0.   0.   4.]
 [  8.   7.   9.   0.  11.   2.   9.   0.   2.   3.   5.   3.   5.]
 [  7.   9.   7.   0.   7.   8.  13.   7.   0.  11.   6.  13.  15.]
 [  3.   0.   0.   2.   4.   4.   4.   3.   0.   2.   4.   9.   6.]
 [  1.  11.  11.   2.   0.   5.   3.   3.   4.   0.   6.   2.   6.]
 [  5.   5.  11.   1.   2.   4.   7.   4.   9.   0.   2.   9.   7.]
 [ 12.   3.   5.   5.   7.   6.   9.   6.   8.   0.   4.   5.   5.]
 [  0.   8.   4.   3.   8.   6.  11.   5.   1.   1.   3.   5.   0.]
 [  8.   5.   5.   6.  10.  11.   0.   8.   0.   5.   4.  13.   8.]
 [  5.   6.   8.   3.  11.   8.   1.  13.   0.   4.   3.   5.   0.]
 [  9.   2.   0.   1.   1.   3.   5.   0.   4.   9.   4.   1.   9.]]
[[ 0.  0.  1.  0.  0.  0.  0.  0.  0.  0.  0.  0.  0.]
 [ 0.  0.  0.  0.  0.  1.  0.  0.  0.  0.  2.  0.  0.]
 [ 0.  0.  0.  0.  0.  0.  0.  0.  0.  0.  2.  1.  0.]
 [ 0.  0.  0.  1.  0.  0.  0.  0.  0.  0.  0.  0.  0.]
 [ 0.  0.  0.  0.  0.  0.  0.  0.  1.  0.  0.  0.  0.]
 [ 0.  1.  0.  0.  0.  0.  0.  0.  0.  0.  0.  0.  0.]
 [ 0.  0.  0.  0.  1.  0.  0.  0.  0.  0.  0.  0.  0.]
 [ 0.  0.  0.  0.  0.  0.  0.  0.  0.  1.  0.  0.  0.]
 [ 0.  0.  0.  0.  0.  0.  0.  0.  0.  1.  0.  0.  0.]
 [ 1.  0.  0.  0.  0.  0.  0.  0.  0.  0.  0.  0.  0.]
 [ 0.  0.  0.  0.  0.  0.  1.  0.  0.  0.  0.  0.  0.]
 [ 0.  0.  0.  0.  0.  0.  0.  0.  0.  0.  0.  0.  1.]
 [ 0.  0.  0.  0.  0.  0.  0.  1.  0.  0.  0.  0.  0.]]
1
[[  1.   3.   0.   5.   5.   2.   6.   5.   2.   2.   4.   5.   5.]
 [  9.   8.   7.   1.   7.   0.   9.  10.   5.   4.   0.   1.   5.]
 [  7.   9.   5.   4.  13.   3.   5.   7.   3.   7.   0.   0.   5.]
 [  8.   7.   9.   0.  11.   1.   9.   0.   2.   3.   4.   2.   5.]
 [  7.   9.   7.   0.   7.   7.  13.   7.   0.  11.   5.  12.  15.]
 [  3.   0.   0.   2.   4.   3.   4.   3.   0.   2.   3.   8.   6.]
 [  1.  11.  11.   2.   0.   4.   3.   3.   4.   0.   5.   1.   6.]
 [  5.   5.  11.   1.   2.   3.   7.   4.   9.   0.   1.   8.   7.]
 [ 12.   3.   5.   5.   7.   5.   9.   6.   8.   0.   3.   4.   5.]
 [  0.   8.   4.   3.   8.   5.  11.   5.   1.   1.   2.   4.   0.]
 [  8.   5.   5.   6.  10.  10.   0.   8.   0.   5.   3.  12.   8.]
 [  5.   6.   8.   3.  11.   7.   1.  13.   0.   4.   2.   4.   0.]
 [  9.   2.   0.   1.   1.   2.   5.   0.   4.   9.   3.   0.   9.]]
[[ 0.  0.  1.  0.  0.  0.  0.  0.  0.  0.  0.  0.  0.]
 [ 0.  0.  0.  0.  0.  1.  0.  0.  0.  0.  2.  0.  0.]
 [ 0.  0.  0.  0.  0.  0.  0.  0.  0.  0.  2.  1.  0.]
 [ 0.  0.  0.  1.  0.  0.  0.  0.  0.  0.  0.  0.  0.]
 [ 0.  0.  0.  0.  0.  0.  0.  0.  1.  0.  0.  0.  0.]
 [ 0.  1.  0.  0.  0.  0.  0.  0.  0.  0.  0.  0.  0.]
 [ 0.  0.  0.  0.  1.  0.  0.  0.  0.  0.  0.  0.  0.]
 [ 0.  0.  0.  0.  0.  0.  0.  0.  0.  1.  0.  0.  0.]
 [ 0.  0.  0.  0.  0.  0.  0.  0.  0.  1.  0.  0.  0.]
 [ 1.  0.  0.  0.  0.  0.  0.  0.  0.  0.  0.  0.  0.]
 [ 0.  0.  0.  0.  0.  0.  1.  0.  0.  0.  0.  0.  0.]
 [ 0.  0.  0.  0.  0.  0.  0.  0.  0.  0.  0.  0.  1.]
 [ 0.  0.  0.  0.  0.  0.  0.  1.  0.  0.  0.  0.  0.]]
3
[[  1.   3.   0.   5.   5.   2.   6.   5.   2.   2.   4.   5.   5.]
 [  9.   8.   7.   1.   7.   0.   9.  10.   5.   4.   0.   1.   5.]
 [  7.   9.   5.   4.  13.   3.   5.   7.   3.   7.   0.   0.   5.]
 [  8.   7.   9.   0.  11.   1.   9.   0.   2.   3.   4.   2.   5.]
 [  7.   9.   7.   0.   7.   7.  13.   7.   0.  11.   5.  12.  15.]
 [  3.   0.   0.   2.   4.   3.   4.   3.   0.   2.   3.   8.   6.]
 [  1.  11.  11.   2.   0.   4.   3.   3.   4.   0.   5.   1.   6.]
 [  5.   5.  11.   1.   2.   3.   7.   4.   9.   0.   1.   8.   7.]
 [ 12.   3.   5.   5.   7.   5.   9.   6.   8.   0.   3.   4.   5.]
 [  0.   8.   4.   3.   8.   5.  11.   5.   1.   1.   2.   4.   0.]
 [  8.   5.   5.   6.  10.  10.   0.   8.   0.   5.   3.  12.   8.]
 [  5.   6.   8.   3.  11.   7.   1.  13.   0.   4.   2.   4.   0.]
 [  9.   2.   0.   1.   1.   2.   5.   0.   4.   9.   3.   0.   9.]]
[[ 0.  0.  1.  0.  0.  0.  0.  0.  0.  0.  0.  0.  0.]
 [ 0.  0.  0.  0.  0.  1.  0.  0.  0.  0.  2.  0.  0.]
 [ 0.  0.  0.  0.  0.  0.  0.  0.  0.  0.  2.  1.  0.]
 [ 0.  0.  0.  1.  0.  0.  0.  0.  0.  0.  0.  0.  0.]
 [ 0.  0.  0.  0.  0.  0.  0.  0.  1.  0.  0.  0.  0.]
 [ 0.  1.  0.  0.  0.  0.  0.  0.  0.  0.  0.  0.  0.]
 [ 0.  0.  0.  0.  1.  0.  0.  0.  0.  0.  0.  0.  0.]
 [ 0.  0.  0.  0.  0.  0.  0.  0.  0.  1.  0.  0.  0.]
 [ 0.  0.  0.  0.  0.  0.  0.  0.  0.  1.  0.  0.  0.]
 [ 1.  0.  0.  0.  0.  0.  0.  0.  0.  0.  0.  0.  0.]
 [ 0.  0.  0.  0.  0.  0.  1.  0.  0.  0.  0.  0.  0.]
 [ 0.  0.  0.  0.  0.  0.  0.  0.  0.  0.  0.  0.  1.]
 [ 0.  0.  0.  0.  0.  0.  0.  1.  0.  0.  0.  2.  0.]]
1
[[  1.   3.   0.   5.   5.   2.   6.   5.   2.   2.   4.   5.   5.]
 [  9.   8.   7.   1.   7.   0.   9.  10.   5.   4.   0.   1.   5.]
 [  7.   9.   5.   4.  13.   3.   5.   7.   3.   7.   0.   0.   5.]
 [  8.   7.   9.   0.  11.   1.   9.   0.   2.   3.   4.   2.   5.]
 [  7.   9.   7.   0.   7.   7.  13.   7.   0.  11.   5.  12.  15.]
 [  3.   0.   0.   2.   4.   3.   4.   3.   0.   2.   3.   8.   6.]
 [  1.  11.  11.   2.   0.   4.   3.   3.   4.   0.   5.   1.   6.]
 [  5.   5.  11.   1.   2.   3.   7.   4.   9.   0.   1.   8.   7.]
 [ 12.   3.   5.   5.   7.   5.   9.   6.   8.   0.   3.   4.   5.]
 [  0.   8.   4.   3.   8.   5.  11.   5.   1.   1.   2.   4.   0.]
 [  8.   5.   5.   6.  10.  10.   0.   8.   0.   5.   3.  12.   8.]
 [  5.   6.   8.   3.  11.   7.   1.  13.   0.   4.   2.   4.   0.]
 [  9.   2.   0.   1.   1.   2.   5.   0.   4.   9.   3.   0.   9.]]
[[ 0.  0.  1.  0.  0.  0.  0.  0.  0.  0.  0.  0.  0.]
 [ 0.  0.  0.  0.  0.  1.  0.  0.  0.  0.  2.  0.  0.]
 [ 0.  0.  0.  0.  0.  0.  0.  0.  0.  0.  2.  1.  0.]
 [ 0.  0.  0.  1.  0.  0.  0.  0.  0.  0.  0.  0.  0.]
 [ 0.  0.  0.  0.  0.  0.  0.  0.  1.  0.  0.  0.  0.]
 [ 0.  1.  0.  0.  0.  0.  0.  0.  0.  0.  0.  0.  0.]
 [ 0.  0.  0.  0.  1.  0.  0.  0.  0.  0.  0.  0.  0.]
 [ 0.  0.  0.  0.  0.  0.  0.  0.  0.  1.  0.  0.  0.]
 [ 0.  0.  0.  0.  0.  0.  0.  0.  0.  1.  0.  0.  0.]
 [ 1.  0.  0.  0.  0.  0.  0.  0.  0.  0.  0.  0.  0.]
 [ 0.  0.  0.  0.  0.  0.  1.  0.  0.  0.  0.  0.  0.]
 [ 0.  0.  0.  0.  0.  0.  0.  0.  0.  0.  0.  0.  1.]
 [ 0.  0.  0.  0.  0.  0.  0.  1.  0.  0.  0.  2.  0.]]
3
[[  1.   3.   0.   5.   5.   2.   6.   5.   2.   2.   4.   5.   5.]
 [  9.   8.   7.   1.   7.   0.   9.  10.   5.   4.   0.   1.   5.]
 [  7.   9.   5.   4.  13.   3.   5.   7.   3.   7.   0.   0.   5.]
 [  8.   7.   9.   0.  11.   1.   9.   0.   2.   3.   4.   2.   5.]
 [  7.   9.   7.   0.   7.   7.  13.   7.   0.  11.   5.  12.  15.]
 [  3.   0.   0.   2.   4.   3.   4.   3.   0.   2.   3.   8.   6.]
 [  1.  11.  11.   2.   0.   4.   3.   3.   4.   0.   5.   1.   6.]
 [  5.   5.  11.   1.   2.   3.   7.   4.   9.   0.   1.   8.   7.]
 [ 12.   3.   5.   5.   7.   5.   9.   6.   8.   0.   3.   4.   5.]
 [  0.   8.   4.   3.   8.   5.  11.   5.   1.   1.   2.   4.   0.]
 [  8.   5.   5.   6.  10.  10.   0.   8.   0.   5.   3.  12.   8.]
 [  5.   6.   8.   3.  11.   7.   1.  13.   0.   4.   2.   4.   0.]
 [  9.   2.   0.   1.   1.   2.   5.   0.   4.   9.   3.   0.   9.]]
[[ 0.  0.  1.  0.  0.  0.  0.  0.  0.  0.  0.  0.  0.]
 [ 0.  0.  0.  0.  0.  1.  0.  0.  0.  0.  2.  0.  0.]
 [ 0.  0.  0.  0.  0.  0.  0.  0.  0.  0.  2.  1.  0.]
 [ 0.  0.  0.  1.  0.  0.  0.  2.  0.  0.  0.  0.  0.]
 [ 0.  0.  0.  2.  0.  0.  0.  0.  1.  0.  0.  0.  0.]
 [ 0.  1.  0.  0.  0.  0.  0.  0.  2.  0.  0.  0.  0.]
 [ 0.  0.  0.  0.  1.  0.  0.  0.  0.  0.  0.  0.  0.]
 [ 0.  0.  0.  0.  0.  0.  0.  0.  0.  1.  0.  0.  0.]
 [ 0.  0.  0.  0.  0.  0.  0.  0.  0.  1.  0.  0.  0.]
 [ 1.  0.  0.  0.  0.  0.  0.  0.  0.  0.  0.  0.  0.]
 [ 0.  0.  0.  0.  0.  0.  1.  0.  2.  0.  0.  0.  0.]
 [ 0.  0.  0.  0.  0.  0.  0.  0.  2.  0.  0.  0.  1.]
 [ 0.  0.  0.  0.  0.  0.  0.  1.  0.  0.  0.  2.  0.]]
1
[[  1.   3.   0.   5.   5.   2.   6.   5.   2.   2.   4.   5.   5.]
 [  9.   8.   7.   1.   7.   0.   9.  10.   5.   4.   0.   1.   5.]
 [  7.   9.   5.   4.  13.   3.   5.   7.   3.   7.   0.   0.   5.]
 [  8.   7.   9.   0.  11.   1.   9.   0.   2.   3.   4.   2.   5.]
 [  7.   9.   7.   0.   7.   7.  13.   7.   0.  11.   5.  12.  15.]
 [  3.   0.   0.   2.   4.   3.   4.   3.   0.   2.   3.   8.   6.]
 [  1.  11.  11.   2.   0.   4.   3.   3.   4.   0.   5.   1.   6.]
 [  5.   5.  11.   1.   2.   3.   7.   4.   9.   0.   1.   8.   7.]
 [ 12.   3.   5.   5.   7.   5.   9.   6.   8.   0.   3.   4.   5.]
 [  0.   8.   4.   3.   8.   5.  11.   5.   1.   1.   2.   4.   0.]
 [  8.   5.   5.   6.  10.  10.   0.   8.   0.   5.   3.  12.   8.]
 [  5.   6.   8.   3.  11.   7.   1.  13.   0.   4.   2.   4.   0.]
 [  9.   2.   0.   1.   1.   2.   5.   0.   4.   9.   3.   0.   9.]]
[[ 0.  0.  1.  0.  0.  0.  0.  0.  0.  0.  0.  0.  0.]
 [ 0.  0.  0.  0.  0.  1.  0.  0.  0.  0.  2.  0.  0.]
 [ 0.  0.  0.  0.  0.  0.  0.  0.  0.  0.  2.  1.  0.]
 [ 0.  0.  0.  1.  0.  0.  0.  2.  0.  0.  0.  0.  0.]
 [ 0.  0.  0.  2.  0.  0.  0.  0.  1.  0.  0.  0.  0.]
 [ 0.  1.  0.  0.  0.  0.  0.  0.  2.  0.  0.  0.  0.]
 [ 0.  0.  0.  0.  1.  0.  0.  0.  0.  0.  0.  0.  0.]
 [ 0.  0.  0.  0.  0.  0.  0.  0.  0.  1.  0.  0.  0.]
 [ 0.  0.  0.  0.  0.  0.  0.  0.  0.  1.  0.  0.  0.]
 [ 1.  0.  0.  0.  0.  0.  0.  0.  0.  0.  0.  0.  0.]
 [ 0.  0.  0.  0.  0.  0.  1.  0.  2.  0.  0.  0.  0.]
 [ 0.  0.  0.  0.  0.  0.  0.  0.  2.  0.  0.  0.  1.]
 [ 0.  0.  0.  0.  0.  0.  0.  1.  0.  0.  0.  2.  0.]]
3
[[  1.   3.   0.   5.   5.   2.   6.   5.   2.   2.   4.   5.   5.]
 [  9.   8.   7.   1.   7.   0.   9.  10.   5.   4.   0.   1.   5.]
 [  7.   9.   5.   4.  13.   3.   5.   7.   3.   7.   0.   0.   5.]
 [  8.   7.   9.   0.  11.   1.   9.   0.   2.   3.   4.   2.   5.]
 [  7.   9.   7.   0.   7.   7.  13.   7.   0.  11.   5.  12.  15.]
 [  3.   0.   0.   2.   4.   3.   4.   3.   0.   2.   3.   8.   6.]
 [  1.  11.  11.   2.   0.   4.   3.   3.   4.   0.   5.   1.   6.]
 [  5.   5.  11.   1.   2.   3.   7.   4.   9.   0.   1.   8.   7.]
 [ 12.   3.   5.   5.   7.   5.   9.   6.   8.   0.   3.   4.   5.]
 [  0.   8.   4.   3.   8.   5.  11.   5.   1.   1.   2.   4.   0.]
 [  8.   5.   5.   6.  10.  10.   0.   8.   0.   5.   3.  12.   8.]
 [  5.   6.   8.   3.  11.   7.   1.  13.   0.   4.   2.   4.   0.]
 [  9.   2.   0.   1.   1.   2.   5.   0.   4.   9.   3.   0.   9.]]
[[ 0.  0.  1.  0.  0.  0.  0.  0.  0.  0.  0.  0.  0.]
 [ 0.  0.  0.  0.  0.  1.  0.  0.  0.  0.  2.  0.  0.]
 [ 0.  0.  0.  0.  0.  0.  0.  0.  0.  0.  2.  1.  0.]
 [ 0.  0.  0.  1.  0.  0.  0.  2.  0.  0.  0.  0.  0.]
 [ 0.  0.  0.  2.  0.  0.  0.  0.  1.  0.  0.  0.  0.]
 [ 0.  1.  0.  0.  0.  0.  0.  0.  2.  0.  0.  0.  0.]
 [ 0.  0.  0.  0.  1.  0.  0.  0.  0.  0.  0.  0.  0.]
 [ 0.  0.  0.  0.  0.  0.  0.  0.  0.  1.  0.  0.  0.]
 [ 0.  0.  0.  0.  0.  0.  0.  0.  0.  1.  0.  0.  0.]
 [ 1.  0.  0.  0.  0.  0.  0.  0.  0.  0.  0.  0.  2.]
 [ 0.  0.  0.  0.  0.  0.  1.  0.  2.  0.  0.  0.  0.]
 [ 0.  0.  0.  0.  0.  0.  0.  0.  2.  0.  0.  0.  1.]
 [ 0.  0.  0.  0.  0.  0.  0.  1.  0.  0.  0.  2.  0.]]
1
[[  0.   2.   0.   4.   5.   1.   5.   4.   1.   2.   3.   4.   4.]
 [  9.   8.   8.   1.   8.   0.   9.  10.   5.   5.   0.   1.   5.]
 [  7.   9.   6.   4.  14.   3.   5.   7.   3.   8.   0.   0.   5.]
 [  8.   7.  10.   0.  12.   1.   9.   0.   2.   4.   4.   2.   5.]
 [  7.   9.   8.   0.   8.   7.  13.   7.   0.  12.   5.  12.  15.]
 [  3.   0.   1.   2.   5.   3.   4.   3.   0.   3.   3.   8.   6.]
 [  0.  10.  11.   1.   0.   3.   2.   2.   3.   0.   4.   0.   5.]
 [  4.   4.  11.   0.   2.   2.   6.   3.   8.   0.   0.   7.   6.]
 [ 11.   2.   5.   4.   7.   4.   8.   5.   7.   0.   2.   3.   4.]
 [  0.   8.   5.   3.   9.   5.  11.   5.   1.   2.   2.   4.   0.]
 [  8.   5.   6.   6.  11.  10.   0.   8.   0.   6.   3.  12.   8.]
 [  5.   6.   9.   3.  12.   7.   1.  13.   0.   5.   2.   4.   0.]
 [  9.   2.   1.   1.   2.   2.   5.   0.   4.  10.   3.   0.   9.]]
[[ 0.  0.  1.  0.  0.  0.  0.  0.  0.  0.  0.  0.  0.]
 [ 0.  0.  0.  0.  0.  1.  0.  0.  0.  0.  2.  0.  0.]
 [ 0.  0.  0.  0.  0.  0.  0.  0.  0.  0.  2.  1.  0.]
 [ 0.  0.  0.  1.  0.  0.  0.  2.  0.  0.  0.  0.  0.]
 [ 0.  0.  0.  2.  0.  0.  0.  0.  1.  0.  0.  0.  0.]
 [ 0.  1.  0.  0.  0.  0.  0.  0.  2.  0.  0.  0.  0.]
 [ 0.  0.  0.  0.  1.  0.  0.  0.  0.  0.  0.  0.  0.]
 [ 0.  0.  0.  0.  0.  0.  0.  0.  0.  1.  0.  0.  0.]
 [ 0.  0.  0.  0.  0.  0.  0.  0.  0.  1.  0.  0.  0.]
 [ 1.  0.  0.  0.  0.  0.  0.  0.  0.  0.  0.  0.  2.]
 [ 0.  0.  0.  0.  0.  0.  1.  0.  2.  0.  0.  0.  0.]
 [ 0.  0.  0.  0.  0.  0.  0.  0.  2.  0.  0.  0.  1.]
 [ 0.  0.  0.  0.  0.  0.  0.  1.  0.  0.  0.  2.  0.]]
2
[[  0.   2.   0.   4.   5.   1.   5.   4.   1.   2.   3.   4.   4.]
 [  9.   8.   8.   1.   8.   0.   9.  10.   5.   5.   0.   1.   5.]
 [  7.   9.   6.   4.  14.   3.   5.   7.   3.   8.   0.   0.   5.]
 [  8.   7.  10.   0.  12.   1.   9.   0.   2.   4.   4.   2.   5.]
 [  7.   9.   8.   0.   8.   7.  13.   7.   0.  12.   5.  12.  15.]
 [  3.   0.   1.   2.   5.   3.   4.   3.   0.   3.   3.   8.   6.]
 [  0.  10.  11.   1.   0.   3.   2.   2.   3.   0.   4.   0.   5.]
 [  4.   4.  11.   0.   2.   2.   6.   3.   8.   0.   0.   7.   6.]
 [ 11.   2.   5.   4.   7.   4.   8.   5.   7.   0.   2.   3.   4.]
 [  0.   8.   5.   3.   9.   5.  11.   5.   1.   2.   2.   4.   0.]
 [  8.   5.   6.   6.  11.  10.   0.   8.   0.   6.   3.  12.   8.]
 [  5.   6.   9.   3.  12.   7.   1.  13.   0.   5.   2.   4.   0.]
 [  9.   2.   1.   1.   2.   2.   5.   0.   4.  10.   3.   0.   9.]]
[[ 2.  0.  1.  0.  0.  0.  0.  0.  0.  0.  0.  0.  0.]
 [ 0.  0.  0.  0.  0.  1.  0.  0.  0.  0.  2.  0.  0.]
 [ 0.  0.  0.  0.  0.  0.  0.  0.  0.  0.  2.  1.  0.]
 [ 0.  0.  0.  1.  0.  0.  0.  2.  0.  0.  0.  0.  0.]
 [ 0.  0.  0.  2.  0.  0.  0.  0.  1.  0.  0.  0.  0.]
 [ 0.  1.  0.  0.  0.  0.  0.  0.  2.  0.  0.  0.  0.]
 [ 2.  0.  0.  0.  1.  0.  0.  0.  0.  0.  0.  0.  0.]
 [ 0.  0.  0.  2.  0.  0.  0.  0.  0.  1.  0.  0.  0.]
 [ 0.  0.  0.  0.  0.  0.  0.  0.  0.  2.  0.  0.  0.]
 [ 1.  0.  0.  0.  0.  0.  0.  0.  0.  0.  0.  0.  2.]
 [ 0.  0.  0.  0.  0.  0.  1.  0.  2.  0.  0.  0.  0.]
 [ 0.  0.  0.  0.  0.  0.  0.  0.  2.  0.  0.  0.  1.]
 [ 0.  0.  0.  0.  0.  0.  0.  1.  0.  0.  0.  2.  0.]]
[(8, 9), (7, 9), (7, 3), (3, 3), (3, 7), (12, 7), (12, 11), (2, 11), (2, 10)]
[[ 0.  0.  1.  0.  0.  0.  0.  0.  0.  0.  0.  0.  0.]
 [ 0.  0.  0.  0.  0.  1.  0.  0.  0.  0.  0.  0.  0.]
 [ 0.  0.  0.  0.  0.  0.  0.  0.  0.  0.  1.  0.  0.]
 [ 0.  0.  0.  0.  0.  0.  0.  1.  0.  0.  0.  0.  0.]
 [ 0.  0.  0.  0.  0.  0.  0.  0.  1.  0.  0.  0.  0.]
 [ 0.  1.  0.  0.  0.  0.  0.  0.  0.  0.  0.  0.  0.]
 [ 0.  0.  0.  0.  1.  0.  0.  0.  0.  0.  0.  0.  0.]
 [ 0.  0.  0.  1.  0.  0.  0.  0.  0.  0.  0.  0.  0.]
 [ 0.  0.  0.  0.  0.  0.  0.  0.  0.  1.  0.  0.  0.]
 [ 1.  0.  0.  0.  0.  0.  0.  0.  0.  0.  0.  0.  0.]
 [ 0.  0.  0.  0.  0.  0.  1.  0.  0.  0.  0.  0.  0.]
 [ 0.  0.  0.  0.  0.  0.  0.  0.  0.  0.  0.  0.  1.]
 [ 0.  0.  0.  0.  0.  0.  0.  0.  0.  0.  0.  1.  0.]]
[[ 198.  205.  197.  206.  206.  204.  206.  202.  202.  199.  206.  205.
   204.]
 [ 210.  214.  208.  206.  212.  206.  213.  211.  209.  205.  206.  205.
   208.]
 [ 160.  167.  158.  161.  170.  161.  161.  160.  159.  160.  158.  156.
   160.]
 [ 176.  180.  177.  172.  183.  174.  180.  168.  173.  171.  177.  173.
   175.]
 [ 184.  191.  184.  181.  188.  189.  193.  184.  180.  188.  187.  192.
   194.]
 [ 197.  199.  194.  200.  202.  202.  201.  197.  197.  196.  202.  205.
   202.]
 [ 175.  190.  185.  180.  178.  183.  180.  177.  181.  174.  184.  178.
   182.]
 [ 172.  177.  178.  172.  173.  175.  177.  171.  179.  167.  173.  178.
   176.]
 [ 179.  175.  172.  176.  178.  177.  179.  173.  178.  167.  175.  174.
   174.]
 [ 154.  167.  158.  161.  166.  164.  168.  159.  158.  155.  161.  161.
   156.]
 [ 170.  172.  167.  172.  176.  177.  165.  170.  165.  167.  170.  177.
   172.]
 [ 175.  181.  178.  177.  185.  182.  174.  183.  173.  174.  177.  177.
   172.]
 [ 189.  187.  180.  185.  185.  187.  188.  180.  187.  189.  188.  183.
   191.]]
